27 27 27 27 27 27 27 27 27 27 27 27 27 27 27 27 27 27 27 27 27 27 27 26 26 26 26 27 27 27 27 27 27 27 27 27 27 27 27 27 27 27 27 27 27 27 27 27 27 27 27 27 27 27 27 27 27 27 27 27 27 27 27 27 27 27 27 27 27 27 27 27 27 27 27 27 27 27 27 27 27 27 27 27 27 27 27 27 27 27 27 27 27 27 27 27 27 27 27 27 27 27 27 27 27 27 27 27 27 27 27 27 27 26 26 26 26 26 26 26 26 26 26 26 26 26 26 26 
27 27 27 27 27 27 27 27 27 27 27 27 27 27 27 27 27 27 27 27 27 27 27 27 27 27 27 27 27 27 27 27 27 27 27 27 27 27 27 27 27 27 27 27 27 27 27 27 27 27 27 27 27 27 27 27 27 27 27 27 27 28 27 27 27 27 27 27 27 27 27 27 27 27 27 27 27 27 27 27 27 27 27 27 27 27 27 27 27 27 27 27 27 27 27 27 27 27 27 27 27 27 27 27 27 27 27 27 27 27 27 27 27 27 26 26 26 26 26 26 26 26 26 26 26 26 26 26 
27 27 27 27 27 27 27 27 27 27 27 27 27 27 27 27 27 27 27 27 27 27 27 27 27 27 27 27 27 27 27 27 27 27 27 27 27 27 27 27 27 27 27 27 27 27 27 27 27 27 28 28 28 28 28 28 28 28 28 27 27 27 28 27 27 27 27 27 27 27 27 27 27 27 27 27 27 27 27 27 27 27 27 27 27 27 27 27 27 27 27 27 27 27 27 27 27 27 27 27 27 27 27 27 27 27 27 27 27 27 27 27 27 27 26 26 26 26 26 26 26 26 26 26 26 26 26 26 
27 27 27 27 27 27 27 27 27 27 27 27 27 27 27 27 27 27 27 27 27 27 27 27 27 27 27 27 27 27 27 27 27 27 27 27 27 27 27 27 27 27 27 27 27 27 27 27 28 28 28 28 28 28 28 28 28 28 28 28 28 27 27 28 27 27 27 27 27 27 27 27 27 27 27 27 27 27 27 27 27 27 27 27 27 27 27 27 27 27 27 27 27 27 27 27 27 27 27 27 27 27 27 27 27 27 27 27 27 27 27 27 27 27 27 26 26 26 26 26 26 26 26 26 26 26 26 26 
27 27 27 27 27 27 27 27 27 27 27 27 27 27 27 27 27 27 27 27 27 27 27 27 27 27 27 27 27 27 27 27 27 27 27 27 27 27 27 27 27 27 27 27 27 27 27 28 28 28 28 28 28 28 28 28 28 28 28 28 28 28 27 28 28 27 27 27 27 27 27 27 27 26 27 27 27 27 27 27 27 27 27 27 27 27 27 27 27 27 27 27 27 27 27 27 27 27 27 27 27 27 27 27 27 27 27 27 27 27 27 27 27 27 27 26 26 26 26 26 26 26 26 26 26 26 26 26 
27 27 27 27 27 28 27 27 27 27 27 27 27 27 27 27 27 27 27 27 27 27 27 27 27 27 27 27 27 27 27 27 27 27 27 27 27 27 27 27 27 27 27 27 27 27 28 28 28 28 28 28 28 28 28 28 28 28 28 28 28 28 28 27 28 28 27 27 27 27 27 27 27 26 27 27 27 27 27 27 27 27 27 27 27 27 27 27 27 27 27 27 27 27 27 27 27 27 27 27 27 27 27 27 27 27 27 27 27 27 27 27 27 27 27 27 26 26 26 26 26 26 26 26 26 26 26 26 
27 27 27 27 27 27 27 27 27 27 27 27 27 27 27 27 27 27 27 27 27 27 27 27 27 27 27 27 27 27 27 27 27 27 27 27 27 27 27 27 27 27 27 27 27 28 28 28 28 28 28 28 28 28 28 28 28 28 28 28 28 28 28 28 28 28 27 27 27 27 27 27 27 26 27 27 27 27 27 27 27 27 27 27 27 27 27 27 27 27 27 27 27 27 27 27 27 27 27 27 27 27 27 27 27 27 27 27 27 27 27 27 27 27 27 27 27 27 26 26 26 26 26 26 26 26 26 26 
27 27 27 27 27 27 27 27 27 27 27 27 27 27 27 27 27 27 27 27 27 27 27 27 27 27 27 27 27 27 27 27 27 27 27 27 27 27 27 27 27 27 27 27 28 28 28 28 28 28 28 28 28 28 28 28 28 28 28 28 28 28 28 28 28 28 28 27 27 27 27 27 27 27 27 27 27 27 27 27 27 27 27 27 27 27 27 27 27 27 27 27 27 27 27 27 27 27 27 27 27 27 27 27 27 27 27 27 27 27 27 27 27 27 27 27 27 27 27 27 27 27 26 26 26 26 26 26 
27 27 27 27 27 27 27 27 27 27 27 27 27 27 27 27 27 27 27 27 27 27 27 27 27 27 27 27 27 27 27 27 27 27 27 27 27 27 27 27 27 27 27 28 28 28 28 28 28 28 28 28 28 28 28 28 28 28 28 28 28 28 28 28 28 28 28 27 27 27 27 27 27 27 27 27 27 27 27 27 27 27 27 27 27 27 27 27 27 27 27 27 27 27 27 27 27 27 27 27 27 27 27 27 27 27 27 27 27 27 27 27 27 27 27 27 27 27 27 27 27 27 27 27 26 26 26 26 
27 27 27 27 27 27 27 27 27 27 27 27 27 27 27 27 27 27 27 27 27 27 27 27 27 27 27 27 27 27 27 27 27 27 27 27 27 27 27 27 27 27 27 28 28 28 28 28 28 28 28 28 28 28 28 28 28 28 28 28 28 28 28 28 28 28 28 27 27 27 27 27 27 27 26 27 27 27 27 27 27 27 27 27 27 27 27 27 27 27 27 27 27 27 27 27 27 27 27 27 27 27 27 27 27 27 27 27 27 27 27 27 27 27 27 27 27 27 27 27 27 27 27 27 27 27 27 26 
27 27 27 27 27 27 27 27 27 27 27 27 27 27 27 27 27 27 27 27 27 27 27 27 27 27 27 27 27 27 27 27 27 27 27 27 27 27 27 27 27 27 28 28 28 28 28 28 28 28 28 28 28 28 28 28 28 28 28 28 28 28 28 28 28 28 28 28 27 27 27 26 27 27 26 27 27 27 27 27 27 27 27 27 27 27 27 27 27 27 27 27 27 27 27 27 27 27 27 27 27 27 27 27 27 27 27 27 27 27 27 27 27 27 27 27 27 27 27 27 27 27 27 27 27 27 27 27 
27 27 27 27 27 27 27 27 27 27 27 27 27 27 27 27 27 27 27 27 27 27 27 27 27 27 27 27 27 27 27 27 27 27 27 27 27 27 27 27 27 28 28 28 28 28 28 28 28 28 28 28 28 28 28 28 28 28 28 28 28 28 28 28 28 28 28 28 27 27 27 27 27 27 26 27 27 27 27 27 27 27 27 27 27 27 27 27 27 27 27 27 27 27 27 27 27 27 27 27 27 27 27 27 27 27 27 27 27 27 27 27 27 27 27 27 27 27 27 27 27 27 27 27 27 27 27 27 
27 27 27 27 27 27 27 27 27 27 27 27 27 27 27 27 27 27 27 27 27 27 27 27 27 27 27 27 27 27 27 27 27 27 27 27 27 27 27 28 28 28 28 28 28 28 28 28 28 28 28 28 28 28 28 28 28 28 28 28 28 28 28 28 28 28 28 28 27 27 27 26 27 27 27 27 27 27 27 27 27 27 27 27 27 27 27 27 27 27 27 27 27 27 27 27 27 27 27 27 27 27 27 27 27 27 27 27 27 27 27 27 27 27 27 27 27 27 27 27 27 27 27 27 27 27 27 26 
27 27 27 27 27 27 27 27 27 27 27 27 27 27 27 27 27 27 27 27 27 27 27 27 27 27 27 27 27 27 27 27 27 27 27 27 27 28 28 28 28 28 28 28 28 27 27 28 28 28 28 28 28 28 28 28 28 28 28 28 28 28 28 28 28 28 28 28 28 27 27 27 27 27 27 27 27 27 27 27 27 27 27 27 27 27 27 27 27 27 27 27 27 27 27 27 27 27 27 27 27 27 27 27 27 27 27 27 27 27 27 27 27 27 27 27 27 27 27 27 27 27 27 27 27 27 26 26 
27 27 27 27 27 27 27 27 27 27 27 27 27 27 27 27 27 27 27 27 27 27 27 27 27 27 27 27 27 27 27 27 27 27 27 28 28 28 28 28 28 28 28 28 27 27 27 27 27 27 27 28 28 28 28 28 28 28 28 28 28 28 28 28 28 28 28 28 28 27 27 27 27 27 27 27 27 27 27 27 27 27 27 27 27 27 27 27 27 27 27 27 27 27 27 27 27 27 27 27 27 27 27 27 27 27 27 27 27 27 27 27 27 27 27 27 27 27 27 27 27 27 27 27 27 27 26 26 
27 27 27 27 27 27 27 27 27 27 27 27 27 27 27 27 27 27 27 27 27 27 27 27 27 27 27 27 27 27 27 27 27 27 28 28 28 28 28 28 28 28 28 27 27 27 27 27 27 27 27 27 27 24 28 28 28 28 28 28 28 28 28 28 28 28 28 28 28 27 27 27 27 27 26 27 27 27 27 27 27 27 27 27 27 27 27 27 27 27 27 27 27 27 27 27 27 27 27 27 27 27 27 27 27 27 27 27 27 27 27 27 27 27 27 27 27 27 27 27 27 27 27 27 27 27 26 26 
27 27 27 27 27 27 27 27 27 27 27 27 27 27 27 27 27 27 27 27 27 27 27 27 27 27 27 27 27 27 27 27 27 28 28 28 28 28 28 28 28 28 28 27 27 27 27 27 27 27 24 22 23 27 27 27 28 28 28 28 28 28 28 28 28 28 28 28 28 27 27 27 27 27 26 26 27 27 27 27 27 27 27 27 27 27 27 27 27 27 27 27 27 27 27 27 27 27 27 27 27 27 27 27 27 27 27 27 27 27 27 27 27 27 27 27 27 27 27 27 27 27 27 27 27 27 27 26 
27 27 27 27 27 27 27 27 27 27 27 27 27 27 27 27 27 27 27 27 27 27 27 27 27 27 27 27 27 27 27 27 28 28 28 28 28 28 28 28 28 28 28 27 27 27 27 27 26 23 22 21 21 26 27 27 27 28 28 28 28 28 28 28 28 28 28 28 28 27 27 27 26 27 27 27 27 27 27 27 27 27 27 27 27 27 27 27 27 27 27 27 27 27 27 27 27 27 27 27 27 27 27 27 27 27 27 27 27 27 27 27 27 27 27 27 27 27 27 27 27 27 27 27 27 27 27 27 
27 27 27 27 27 27 27 27 27 27 27 27 27 27 27 27 27 27 27 27 27 27 27 27 27 27 27 27 27 27 27 28 28 28 28 28 28 28 28 28 28 28 28 27 27 27 27 26 26 25 24 23 19 24 26 27 27 28 28 28 28 28 28 28 28 28 28 27 28 27 27 27 26 26 26 27 27 27 27 27 27 27 27 27 27 27 27 27 27 27 27 27 27 27 27 27 27 27 27 27 27 27 27 27 27 27 27 27 27 27 27 27 27 27 27 27 27 27 27 27 27 27 27 27 27 27 27 27 
27 27 27 27 27 27 27 27 27 27 27 27 27 27 27 27 27 27 27 27 27 27 27 27 27 27 27 27 27 27 28 28 28 28 28 28 28 28 28 28 28 28 28 27 27 27 27 26 23 22 21 23 19 18 23 26 27 27 28 28 28 28 28 28 28 28 28 27 28 27 27 27 27 26 26 27 27 27 27 27 27 27 27 27 27 27 27 27 27 27 27 27 27 27 27 27 27 27 27 27 27 27 27 27 27 27 27 27 27 27 27 27 27 27 27 27 27 27 27 27 27 27 27 27 27 27 27 27 
27 27 27 27 27 27 27 27 27 27 27 27 27 27 27 27 27 27 27 27 27 27 27 27 27 27 27 27 27 27 28 28 28 28 28 28 29 29 29 29 29 28 22 27 27 26 26 26 25 22 24 23 22 18 18 21 27 27 28 28 28 28 28 28 28 28 28 27 27 27 27 27 27 27 27 27 27 27 27 27 27 27 27 27 27 27 27 27 27 27 27 27 27 27 27 27 27 27 27 27 27 27 27 27 27 27 27 27 27 27 27 27 27 27 27 27 27 27 27 27 27 27 27 27 27 27 27 27 
27 27 27 27 27 27 27 27 27 27 27 27 27 27 27 27 27 27 27 27 27 27 27 27 27 27 27 27 27 27 28 28 28 28 28 29 29 29 29 29 29 24 22 22 25 26 26 25 22 24 21 23 22 21 17 19 25 27 27 28 28 28 28 28 28 28 28 27 27 27 27 27 27 27 27 27 27 27 27 27 27 27 27 27 27 27 27 27 27 27 27 27 27 27 27 27 27 27 27 27 27 27 27 27 27 27 27 27 27 27 27 27 27 27 27 27 27 27 27 27 27 27 27 27 27 27 27 27 
27 27 27 27 27 27 27 27 27 27 27 27 27 27 27 27 27 27 27 27 27 27 27 27 27 27 27 27 27 28 28 28 28 28 29 29 29 29 29 29 29 29 24 21 20 24 24 24 24 20 20 23 23 22 18 19 25 22 24 28 28 28 28 28 28 28 27 27 27 27 27 27 27 27 26 27 27 27 27 27 27 27 27 27 27 27 27 27 27 27 27 27 27 27 27 27 27 27 27 27 27 27 27 27 27 27 27 27 27 27 27 27 27 27 27 27 27 27 27 27 27 27 27 27 27 27 27 27 
27 27 27 27 27 27 27 27 27 27 27 27 27 27 27 27 27 27 27 27 27 27 27 27 27 27 27 27 27 28 28 28 28 28 29 29 29 29 29 29 30 29 28 22 20 19 19 20 23 23 21 21 23 23 19 19 24 23 26 27 28 28 28 28 28 27 27 27 27 27 27 27 27 27 27 26 27 27 27 27 27 27 27 27 27 27 27 27 27 27 27 27 27 27 27 27 27 27 27 27 27 27 27 27 27 27 27 27 27 27 27 27 27 27 27 27 27 27 27 27 27 27 27 27 27 27 27 27 
27 27 27 27 27 27 27 27 27 27 27 27 27 27 27 27 27 27 27 27 27 27 27 27 27 27 27 27 27 28 28 28 28 28 29 29 29 29 29 30 29 29 28 22 21 19 18 24 23 23 23 21 21 23 19 18 19 26 27 27 28 28 28 28 27 27 27 27 27 27 27 27 27 27 26 26 27 27 27 27 27 27 27 27 27 27 27 27 27 27 27 27 27 27 28 28 28 28 27 27 27 27 27 27 27 27 27 27 27 27 27 27 27 27 27 27 27 27 27 27 27 27 27 27 27 27 27 27 
27 27 27 27 27 27 27 27 27 27 27 27 27 27 27 27 27 27 27 27 27 27 26 27 27 27 27 27 27 28 28 28 28 28 29 29 29 29 29 30 29 29 29 29 24 26 21 20 23 24 24 24 24 24 23 19 19 25 27 27 28 28 27 27 27 27 27 27 27 27 27 27 27 27 26 26 26 27 27 27 27 27 27 27 27 27 27 27 27 27 27 28 28 28 28 28 28 28 28 28 27 27 27 27 27 27 27 27 27 27 27 27 27 27 27 27 27 27 27 27 27 27 27 27 27 27 27 27 
27 27 27 27 27 27 27 27 27 27 27 27 27 27 27 27 27 27 27 27 27 27 26 27 27 27 27 27 27 28 28 28 28 28 29 29 29 29 29 30 30 29 30 30 29 29 27 20 20 24 24 25 24 24 24 23 18 21 26 27 27 24 24 27 27 27 27 27 27 27 27 27 27 27 26 26 26 27 27 27 27 27 27 27 27 27 27 27 27 27 28 28 28 28 28 28 28 28 28 28 28 28 27 27 27 27 27 27 27 27 27 27 27 27 27 27 27 27 27 27 27 27 27 27 27 27 27 27 
27 27 27 27 27 27 27 27 27 27 27 27 27 27 27 27 27 27 27 27 27 27 27 27 27 27 27 27 27 27 28 28 28 28 29 29 29 29 29 30 30 30 29 30 26 29 27 20 20 24 25 25 25 25 24 24 23 19 21 26 27 27 24 27 27 27 27 27 27 27 27 27 27 27 26 26 26 26 27 27 27 27 27 27 27 27 27 27 27 28 28 28 28 28 28 28 28 28 28 28 28 28 28 27 27 27 27 27 27 27 27 27 27 27 27 27 27 27 27 27 27 27 27 27 27 27 27 27 
27 27 27 27 27 27 27 27 27 26 26 26 26 26 26 27 27 27 27 27 27 27 27 27 27 27 27 27 27 27 28 28 28 28 29 29 29 29 29 30 30 30 30 30 26 25 22 19 20 25 23 26 26 25 22 24 23 20 19 25 26 24 24 27 27 27 27 27 27 27 26 27 27 27 26 26 26 26 27 27 27 27 27 27 27 27 27 27 28 28 28 28 28 28 28 28 28 28 28 28 28 28 28 27 27 27 27 27 27 27 27 27 27 27 27 27 27 27 27 27 27 27 27 27 27 27 27 27 
27 27 27 27 27 27 27 26 26 26 26 26 26 26 26 27 27 27 27 27 27 27 27 26 27 27 27 27 27 27 28 28 28 28 28 29 29 29 29 30 30 30 30 30 30 29 27 19 21 26 26 26 26 26 26 26 25 24 20 20 25 26 27 24 27 27 27 27 26 26 26 26 26 26 26 26 25 26 26 27 27 27 27 27 27 27 27 27 28 28 28 28 28 28 28 28 28 28 28 28 28 28 28 28 27 27 27 27 27 27 27 27 27 27 27 27 27 27 27 27 27 27 27 27 27 27 27 27 
27 27 27 27 27 26 26 26 26 26 26 26 26 26 26 26 27 27 27 27 27 27 27 27 27 27 27 27 27 27 28 28 28 28 28 29 29 29 29 29 30 30 30 30 29 29 28 23 23 27 27 27 24 26 26 27 26 22 21 20 20 26 25 27 27 26 26 26 26 26 26 26 26 26 26 26 25 25 26 27 27 27 27 27 27 27 27 28 28 28 28 28 28 28 28 28 28 28 28 28 28 28 28 27 27 27 27 27 27 27 27 27 27 27 27 27 27 27 27 27 27 27 27 27 27 27 27 27 
27 27 26 26 26 26 26 26 26 26 26 26 26 26 26 26 27 27 27 27 27 27 27 27 27 27 27 27 27 27 27 28 28 28 28 29 29 29 29 29 29 30 30 30 30 29 29 29 28 25 24 24 24 23 24 27 27 26 25 20 20 20 24 26 26 26 26 26 26 26 26 26 26 26 26 25 25 25 26 27 27 27 27 27 27 27 27 28 28 28 28 28 28 28 28 28 28 28 28 28 28 28 28 27 27 27 27 27 27 27 27 27 27 27 27 27 27 27 27 27 27 27 27 27 27 27 27 27 
26 26 26 26 26 26 26 26 26 26 26 26 26 26 26 26 27 27 27 27 27 27 27 27 27 27 27 27 27 27 27 28 28 28 28 28 29 29 29 29 29 29 30 30 30 29 29 29 28 25 24 24 27 27 24 27 27 27 26 24 24 20 19 21 22 22 26 26 26 26 26 26 26 26 26 25 25 25 26 27 27 27 27 27 27 27 27 28 28 28 28 28 28 28 28 28 28 28 28 28 28 28 28 28 27 27 27 27 27 27 27 27 27 27 26 26 26 27 27 27 27 27 27 27 27 27 27 27 
26 26 26 26 26 26 26 26 26 26 26 26 26 26 26 26 26 27 27 27 27 27 27 27 27 27 27 27 27 27 27 27 28 28 28 28 28 29 29 29 29 29 29 29 29 29 29 29 28 28 28 27 27 27 27 27 27 27 26 26 25 21 21 22 25 22 26 26 26 26 26 26 26 26 26 25 25 25 26 27 27 27 27 27 27 27 27 28 28 28 28 28 28 28 29 29 28 28 28 28 28 28 28 28 27 27 27 27 27 27 27 26 26 26 26 26 26 26 26 26 27 27 27 27 27 27 27 27 
26 26 26 26 26 26 26 26 26 26 26 26 26 26 26 26 26 27 27 27 27 27 27 27 27 27 27 27 27 27 27 27 28 28 28 28 28 29 29 29 29 29 29 29 29 29 29 29 28 28 28 27 27 27 27 27 27 27 27 23 26 26 25 25 22 25 25 26 26 26 26 26 26 26 26 25 25 25 26 26 27 27 27 27 27 27 27 27 28 28 28 28 28 28 28 28 28 28 28 28 28 28 28 27 27 27 27 27 27 27 26 26 26 26 26 26 26 26 26 26 26 26 27 27 27 27 27 27 
26 26 26 26 26 26 26 26 26 26 26 26 26 26 26 26 26 26 27 27 27 27 27 27 27 27 27 27 27 27 27 27 27 28 28 28 28 28 29 29 29 29 29 29 29 29 29 29 28 28 28 27 27 27 27 27 27 27 27 26 26 26 26 25 25 25 25 25 25 25 25 26 26 26 26 25 25 25 25 26 27 27 27 27 27 27 27 27 28 28 28 28 28 28 28 28 28 28 28 28 28 28 28 27 27 27 27 27 27 26 26 26 26 26 26 26 26 26 26 26 26 26 26 27 27 27 27 27 
26 26 26 26 26 26 26 26 26 26 26 26 26 26 26 26 26 26 27 27 27 27 27 27 27 27 27 27 27 27 27 27 27 27 28 28 28 28 28 29 29 29 29 29 29 29 29 29 28 28 27 27 27 27 27 28 27 27 27 26 26 26 25 25 25 25 25 25 25 25 25 25 26 26 26 26 25 25 25 26 26 27 27 27 26 27 27 27 27 27 27 28 28 28 28 28 28 28 28 28 28 28 28 27 27 27 27 27 26 26 26 26 26 26 26 26 26 26 26 26 26 26 26 26 27 27 27 27 
26 26 26 26 26 26 26 26 26 26 26 26 26 26 26 26 26 26 26 27 27 27 27 27 27 27 27 27 27 27 27 27 27 27 27 28 28 28 28 28 29 29 29 29 29 29 29 28 28 27 27 27 27 27 27 27 27 27 26 26 26 26 26 26 25 25 25 25 25 25 25 25 26 26 26 26 25 24 24 25 26 26 26 23 22 23 23 27 27 27 27 27 27 27 27 28 28 28 28 28 28 28 27 27 27 27 27 26 26 26 26 26 26 26 26 26 26 26 26 26 26 26 26 26 26 27 27 27 
26 26 26 26 26 26 26 26 26 26 26 26 26 26 26 26 26 26 26 27 27 27 27 27 27 27 27 27 27 27 27 27 27 27 27 27 28 28 28 28 28 28 29 29 29 29 28 28 28 27 27 27 27 27 27 27 27 26 26 26 26 26 26 26 25 25 25 25 26 25 25 25 26 26 26 26 25 25 25 25 26 26 26 26 22 22 23 26 24 23 23 23 23 22 26 26 28 28 28 27 27 27 27 27 27 27 26 26 26 26 26 26 26 26 26 26 26 26 26 26 26 26 26 26 26 26 26 27 
26 26 26 26 26 26 26 26 26 26 26 26 26 26 26 26 26 26 26 26 27 27 27 27 27 27 27 27 27 27 27 27 27 27 27 27 28 28 28 28 28 28 28 28 28 28 28 28 27 27 27 27 27 27 27 27 27 26 26 26 25 26 25 25 25 25 25 25 25 26 25 25 26 26 26 26 26 25 25 25 26 26 26 26 25 24 22 25 26 24 23 23 22 21 20 19 24 22 25 23 26 21 20 22 26 23 26 26 26 26 26 26 26 26 26 26 26 26 26 26 26 26 26 26 26 26 26 26 
26 26 26 26 26 26 26 26 26 26 26 26 26 26 26 26 26 26 26 26 26 27 27 27 27 27 27 27 27 27 27 27 27 27 27 27 27 27 28 28 28 28 28 28 28 28 28 28 27 27 27 27 27 27 27 27 27 26 26 26 26 26 25 25 25 25 25 25 26 26 26 26 26 26 26 26 26 26 25 25 26 26 26 23 22 21 21 22 26 27 26 26 26 25 20 17 16 16 22 17 23 16 17 19 21 26 26 26 26 26 26 26 26 26 26 26 26 26 26 26 26 26 26 26 26 26 26 26 
26 26 26 26 26 26 26 26 26 26 26 26 26 26 26 26 26 26 26 26 26 27 27 27 27 27 27 27 27 27 27 27 27 27 27 27 27 27 27 28 28 28 28 28 28 28 28 27 27 27 26 27 27 27 27 26 26 26 26 26 26 26 26 26 26 25 26 26 26 26 26 26 26 26 26 26 26 26 25 25 26 24 23 23 22 22 22 22 23 27 27 27 26 25 24 18 16 15 16 20 21 17 18 23 25 25 26 26 26 26 26 26 26 26 26 26 26 26 26 26 26 26 26 26 26 26 26 26 
27 27 27 27 27 27 27 26 26 26 26 26 26 26 26 26 26 26 26 26 26 26 27 27 27 27 27 27 27 27 27 27 27 27 27 27 27 27 27 27 28 28 28 28 28 28 28 28 27 27 26 26 26 26 26 26 26 26 26 26 26 26 26 26 26 26 26 26 26 26 26 26 26 26 26 26 26 26 26 26 26 26 26 26 26 26 26 26 27 27 27 27 26 26 25 24 22 17 16 14 17 19 24 26 26 25 25 25 25 25 25 25 25 25 26 26 26 26 26 26 26 26 26 26 26 26 26 26 
27 27 27 27 27 27 27 27 27 27 26 26 26 26 26 26 26 26 26 26 26 26 26 27 27 27 27 27 27 27 27 27 27 27 27 27 27 27 27 27 27 27 27 28 28 28 28 27 27 27 26 26 26 26 26 26 26 26 26 26 26 26 26 26 26 26 26 26 26 26 26 26 26 26 26 26 26 26 26 26 26 26 26 26 26 26 26 26 26 26 27 27 27 27 26 26 25 24 24 23 24 24 26 25 25 25 25 25 25 25 25 25 25 25 25 25 26 26 26 26 26 26 26 26 26 26 26 26 
27 27 27 27 27 27 27 27 27 27 27 27 27 26 26 26 26 26 26 26 26 26 26 27 27 27 27 27 27 27 27 27 27 27 27 27 27 27 27 27 27 27 27 27 27 27 27 27 27 26 26 26 26 26 26 25 26 25 25 25 26 26 26 26 26 26 26 26 26 26 26 26 26 26 26 26 26 26 26 26 26 26 26 26 26 26 26 26 26 26 27 27 27 26 26 26 26 26 26 26 26 25 25 25 25 25 25 25 25 25 25 25 25 26 25 25 26 26 26 26 26 26 26 26 26 26 26 26 
27 27 27 27 27 27 27 27 27 27 27 27 27 27 27 27 27 26 26 26 26 27 27 27 27 27 27 27 27 27 27 27 27 27 27 27 27 27 27 27 27 27 27 27 27 27 27 27 27 27 26 26 26 25 25 25 25 25 25 25 25 26 26 26 26 26 26 26 26 26 26 26 26 26 26 26 26 26 26 26 26 26 26 26 26 26 26 25 26 26 27 27 27 26 26 26 26 26 26 25 26 26 25 25 25 25 25 25 25 25 25 25 25 25 26 25 25 25 25 26 26 26 26 26 26 26 26 26 
27 27 27 27 27 27 27 27 27 27 27 27 27 27 27 27 27 27 27 27 27 27 27 27 27 27 27 27 27 27 27 27 27 27 27 27 27 27 27 27 27 27 27 27 27 27 27 27 27 27 26 26 26 26 25 25 25 25 25 25 25 25 25 26 26 26 26 26 26 26 26 26 26 26 26 26 26 26 26 26 26 26 26 25 26 26 26 25 25 26 27 27 27 26 26 26 26 26 26 26 26 26 25 25 25 25 25 25 25 21 24 21 25 25 26 26 26 25 25 25 26 26 26 26 26 26 26 26 
27 27 27 27 27 27 27 27 27 27 27 27 27 27 27 27 27 27 27 27 27 27 27 27 27 27 27 27 27 27 27 27 27 27 27 27 27 27 27 27 27 27 27 27 27 27 27 27 27 27 27 26 26 26 25 25 25 25 25 25 25 25 25 26 26 26 26 26 26 26 26 26 26 26 26 26 26 26 26 26 26 26 25 25 25 26 26 25 25 26 27 27 27 27 26 26 26 26 26 26 26 26 26 25 25 25 25 25 21 20 22 20 24 25 25 26 26 26 25 26 26 25 25 26 26 26 26 26 
27 27 27 27 27 27 27 27 27 27 27 27 27 27 27 27 27 27 27 27 27 27 27 27 27 27 27 27 27 27 27 27 27 27 27 27 27 27 27 27 27 27 27 27 27 27 27 27 27 27 27 26 26 26 26 26 26 25 25 25 25 26 25 26 26 26 26 26 26 26 26 26 26 26 26 26 26 26 26 26 26 25 24 25 25 25 26 25 25 26 27 27 26 27 26 26 26 26 26 26 26 26 26 25 25 25 25 25 21 20 19 19 20 25 26 26 26 26 26 26 26 25 25 25 25 25 26 26 
27 27 27 27 27 27 27 27 27 27 27 27 27 27 27 27 27 27 27 27 27 27 27 27 27 27 27 27 27 27 27 27 27 27 27 27 27 27 27 27 27 27 27 27 27 27 27 27 27 27 27 27 26 26 26 26 26 26 26 26 26 26 26 26 26 26 26 26 26 26 26 26 26 26 26 26 26 26 26 26 26 25 24 24 25 26 26 25 26 27 27 26 26 26 26 26 26 26 26 26 26 26 26 25 25 25 25 25 23 19 18 18 23 25 26 26 26 26 26 26 26 26 25 25 25 25 25 26 
27 27 27 27 27 27 27 27 27 27 27 27 27 27 27 27 27 27 27 27 27 27 27 27 27 27 27 27 27 27 27 27 27 27 27 27 27 27 27 27 27 27 27 27 27 27 27 27 27 27 27 27 27 26 26 26 26 26 26 26 26 26 26 26 26 26 26 26 26 26 26 26 26 26 26 26 26 26 26 26 26 25 24 24 25 25 25 26 26 26 27 27 23 26 26 26 26 26 26 26 26 26 26 26 25 25 24 24 20 18 16 17 19 25 26 26 26 26 26 26 26 23 23 22 22 24 21 25 
27 27 27 27 27 27 27 27 27 27 27 27 27 27 27 27 27 27 27 27 27 27 27 27 27 27 27 27 27 27 27 27 27 27 27 27 27 27 27 27 27 27 27 27 27 27 27 27 27 27 27 27 27 26 26 26 26 26 26 26 26 26 26 26 26 26 26 26 26 26 26 26 26 26 26 26 26 26 26 26 26 26 25 24 25 25 25 25 26 26 27 23 23 21 21 22 22 22 26 26 26 26 26 26 26 25 25 24 23 18 15 16 19 25 26 26 26 26 26 25 23 23 23 22 24 21 24 25 
27 27 27 27 27 27 27 27 27 27 27 27 27 27 27 27 27 27 27 27 27 27 27 27 27 27 27 27 27 27 27 27 27 27 27 27 27 27 27 27 27 27 27 27 27 27 27 27 27 27 27 27 26 26 26 26 26 26 26 26 26 26 26 26 26 26 26 26 26 26 26 26 26 26 26 26 26 26 26 26 26 26 26 25 25 25 25 25 25 26 27 27 24 22 21 21 20 22 25 26 26 26 26 26 25 25 25 25 24 18 17 21 19 21 26 26 26 23 25 25 22 22 21 21 20 19 20 21 
27 27 27 27 27 27 27 27 27 27 27 27 27 27 27 27 27 27 27 27 27 27 27 27 27 27 27 27 27 27 27 27 27 27 27 27 27 27 27 27 27 27 27 27 27 27 27 27 27 27 27 26 26 26 26 26 26 26 26 26 26 26 26 26 26 26 27 27 27 27 27 27 27 27 27 27 27 27 27 27 27 27 26 26 25 25 25 25 25 26 26 27 27 26 21 21 21 20 21 25 18 26 26 26 26 25 25 25 24 23 18 18 17 24 26 23 23 22 22 24 24 20 23 22 19 18 18 20 
27 27 27 27 27 27 27 27 27 27 27 27 27 27 27 27 27 27 27 27 27 27 27 27 27 27 27 27 27 27 27 27 27 27 27 27 27 27 27 27 27 27 27 27 27 27 27 27 27 27 27 26 26 26 26 26 26 26 26 26 26 26 26 26 27 27 27 27 27 27 27 27 27 27 27 27 27 27 27 27 27 27 27 26 26 25 24 25 25 25 26 26 27 27 25 21 23 20 20 20 25 20 26 26 26 26 26 25 26 24 23 19 17 21 26 25 22 22 24 24 24 22 21 20 17 17 18 18 
27 27 27 27 27 27 27 27 27 27 27 27 27 27 27 27 27 27 27 27 27 27 27 27 27 27 27 27 27 27 27 27 27 27 27 27 27 27 27 27 27 27 27 27 27 27 27 27 27 26 26 26 26 26 26 26 26 26 26 26 26 26 26 27 27 27 27 27 27 27 27 27 27 27 27 27 27 27 27 27 27 27 27 27 26 25 24 25 25 25 25 26 26 26 26 21 24 24 20 20 21 26 26 26 26 26 26 26 26 25 24 24 19 21 26 25 25 22 21 24 22 18 20 16 15 15 15 19 
27 27 27 27 27 27 27 27 27 27 27 27 27 27 27 27 27 27 27 27 27 27 27 27 27 27 27 27 27 27 27 27 27 27 27 27 27 27 27 27 27 27 27 27 27 27 27 27 27 26 26 26 27 27 27 26 26 27 26 26 26 26 27 27 27 27 27 27 27 27 27 27 27 27 27 27 27 27 27 27 27 27 27 27 26 25 25 25 25 25 25 26 26 26 23 22 21 24 20 21 25 26 26 26 26 26 26 26 26 26 25 25 25 26 26 26 25 25 21 23 22 20 19 17 12 13 13 17 
27 27 27 27 27 27 27 27 27 27 27 27 27 27 27 27 27 27 27 27 27 27 27 27 27 27 27 27 27 27 27 27 27 27 27 27 27 27 27 27 27 27 27 27 27 27 27 27 27 27 27 27 27 27 27 27 27 27 27 27 27 27 27 27 27 27 27 27 27 27 27 27 27 27 27 27 27 27 27 27 27 27 27 27 27 26 25 25 25 25 26 26 26 26 22 22 22 22 22 26 26 26 26 26 26 26 26 26 26 26 26 25 26 26 26 26 25 25 24 23 21 20 18 16 14 11 11 12 
27 27 27 27 27 27 27 27 27 27 27 27 27 27 27 27 27 27 27 27 27 27 27 27 27 27 27 27 27 27 27 27 27 27 27 27 27 27 27 27 27 27 27 27 27 27 27 27 27 27 27 27 27 27 27 27 27 27 27 27 27 27 27 27 27 27 27 27 27 27 27 27 27 27 27 27 27 27 27 27 27 27 27 27 27 26 26 26 25 26 26 26 26 26 26 26 27 27 27 27 27 26 26 26 26 26 26 27 26 26 26 26 26 26 26 26 25 25 24 22 21 19 16 13 10 9 12 10 
27 27 27 27 27 27 27 27 27 27 27 27 27 27 27 27 27 27 27 27 27 27 27 27 27 27 27 27 27 27 27 27 27 27 27 27 27 27 27 27 27 27 27 27 27 27 27 27 27 27 27 27 27 27 27 27 27 27 27 27 27 27 27 27 27 27 27 27 27 27 27 27 27 27 27 27 27 27 27 27 27 27 27 27 27 27 27 26 26 26 26 26 26 26 26 26 27 27 27 27 26 26 26 26 26 26 26 26 26 26 26 26 26 26 26 26 26 25 20 21 19 17 14 10 9 9 13 10 
27 27 27 27 27 27 27 27 27 27 27 27 27 27 27 27 27 27 27 27 27 27 27 27 27 27 27 27 27 27 27 27 27 27 27 27 27 27 27 27 27 27 27 27 27 27 27 27 27 27 27 27 27 27 27 27 27 27 27 27 27 27 27 27 27 27 27 27 27 27 27 27 27 27 27 27 27 27 27 27 27 27 27 27 27 27 27 27 27 27 27 27 27 27 26 26 27 27 27 26 26 26 26 26 26 26 26 26 26 26 26 26 26 26 26 26 25 25 23 20 18 13 10 9 10 10 12 12 
27 27 27 27 27 27 27 27 27 27 27 27 27 27 27 27 27 27 27 27 27 27 27 27 27 27 27 27 27 27 27 27 27 27 27 27 27 27 27 27 27 27 27 27 27 27 27 27 27 27 27 27 27 27 27 27 27 27 27 27 27 27 27 27 27 27 27 27 27 27 27 27 27 27 27 27 27 27 27 27 27 27 27 27 27 27 27 27 27 27 27 27 27 27 26 27 27 27 26 26 25 25 26 25 26 26 26 26 26 26 26 25 25 26 26 26 26 24 22 17 14 12 11 13 16 17 18 19 
27 27 27 27 27 27 27 27 27 27 27 27 27 27 27 27 27 27 27 27 27 27 27 27 27 27 27 27 27 27 27 27 27 27 27 27 27 27 27 27 27 27 27 27 27 27 27 27 27 27 27 27 27 27 27 27 27 27 27 27 27 27 27 27 27 27 27 27 27 27 27 27 27 27 27 27 27 27 27 27 27 27 27 27 27 27 27 27 27 27 27 27 27 27 27 27 26 26 26 26 25 25 25 25 25 25 26 26 26 26 26 26 26 26 26 26 26 25 19 17 15 15 18 19 19 20 21 23 
27 27 27 27 27 27 27 27 27 27 27 27 27 27 27 27 27 27 27 27 27 27 27 27 27 27 27 27 27 27 27 27 27 27 27 27 27 27 27 27 27 27 27 27 27 27 27 27 27 27 27 27 27 27 27 27 27 27 27 27 27 27 27 27 27 27 27 27 27 27 27 27 27 27 27 27 27 27 27 27 27 27 27 27 27 27 27 27 27 27 27 27 27 27 27 26 26 26 26 26 25 25 25 25 25 25 25 26 26 26 26 26 26 26 26 26 26 25 20 18 17 20 20 18 21 23 25 25 
27 27 27 27 27 27 27 27 27 27 27 27 27 27 27 27 27 27 27 27 27 27 27 27 27 27 27 27 27 27 27 27 27 27 27 27 27 27 27 27 27 27 27 27 27 27 27 27 27 27 27 27 27 27 27 27 27 27 27 27 27 27 27 27 27 27 27 27 27 27 27 27 27 27 27 27 27 27 27 27 27 27 27 27 27 27 27 27 27 27 27 27 27 27 27 26 25 25 25 26 25 25 25 25 25 25 25 26 26 26 26 25 25 26 26 26 26 26 24 20 22 22 19 19 25 25 25 25 
27 27 27 27 27 27 27 27 27 27 27 27 27 27 27 27 27 27 27 27 27 27 27 27 27 27 27 27 27 27 27 27 27 27 27 27 27 27 27 27 27 27 27 27 27 27 27 27 27 27 27 27 27 27 27 27 27 27 27 27 27 27 27 27 27 27 27 27 27 27 27 27 27 27 27 27 27 27 27 27 27 27 27 27 27 27 27 27 27 27 27 27 27 27 27 26 26 25 25 25 25 25 25 25 25 25 26 26 26 27 22 21 22 26 26 26 26 25 25 25 25 25 25 25 26 26 26 26 
27 27 27 27 27 27 27 27 27 27 27 27 27 27 27 27 27 27 27 27 27 27 27 27 27 27 27 27 27 27 27 27 27 27 27 27 27 27 27 27 27 27 27 27 27 27 27 27 27 27 27 27 27 27 27 27 27 27 27 27 27 27 27 27 27 27 27 27 27 27 27 27 27 27 27 27 27 27 27 27 27 27 27 27 27 27 27 27 27 27 27 27 27 27 27 27 26 26 26 25 25 25 25 25 26 25 26 23 26 25 21 20 24 26 26 26 25 25 25 25 25 25 26 26 26 26 26 26 
27 27 27 27 27 27 27 27 27 27 27 27 27 27 27 27 27 27 27 27 27 27 27 27 27 27 27 27 27 27 27 27 27 27 27 27 27 27 27 27 27 27 27 27 27 27 27 27 27 27 27 27 27 27 27 27 27 27 27 27 27 27 27 27 27 27 27 27 27 27 27 27 27 27 27 27 27 27 27 27 27 27 27 27 27 27 27 27 27 27 27 27 27 27 27 27 27 26 26 25 25 25 25 26 26 26 26 23 22 21 20 20 26 25 26 26 26 26 26 26 26 26 26 26 26 26 27 27 
27 27 27 27 27 27 27 27 27 27 27 27 27 27 27 27 27 27 27 27 27 27 27 27 27 27 27 27 27 27 27 27 27 27 27 27 27 27 27 27 27 27 27 27 27 27 27 27 27 27 27 27 27 27 27 27 27 27 27 27 27 27 27 27 27 27 27 27 27 27 27 27 27 27 27 27 27 27 27 27 27 27 27 27 27 27 27 27 27 27 27 27 27 27 27 27 27 26 26 25 25 25 25 26 26 26 25 26 25 25 24 25 25 26 26 26 26 26 26 26 26 27 26 26 27 27 26 26 
27 27 27 27 27 27 27 27 27 27 27 27 27 27 27 27 27 27 27 27 27 27 27 27 27 27 27 27 27 27 27 27 27 27 27 27 27 27 27 27 27 27 27 27 27 27 27 27 27 27 27 27 27 27 27 27 27 27 27 27 27 27 27 27 27 27 27 27 27 27 27 27 27 27 27 27 27 27 27 27 27 27 27 27 27 27 27 27 27 27 27 27 27 27 27 27 27 26 26 25 25 25 26 26 26 26 25 25 25 24 25 25 26 26 26 26 26 26 26 26 26 27 27 27 27 26 26 27 
27 27 27 27 27 27 27 27 27 27 27 27 27 27 27 27 27 27 27 27 27 27 27 27 27 27 27 27 27 27 27 27 27 27 27 27 27 27 27 27 27 27 27 27 27 27 27 27 27 27 27 27 27 27 27 27 27 27 27 27 27 27 27 27 27 27 27 27 27 27 27 27 27 27 27 27 27 27 27 27 27 27 27 27 27 27 27 27 27 27 27 27 27 27 27 27 27 26 25 25 25 25 26 26 26 26 25 25 25 25 25 26 26 26 26 26 26 26 26 26 26 27 27 27 27 27 26 26 
27 27 27 27 27 27 27 27 27 27 27 27 27 27 27 27 27 27 27 27 27 27 27 27 27 27 27 27 27 27 27 27 27 27 27 27 27 27 27 27 27 27 27 27 27 27 27 27 27 27 27 27 27 27 27 27 27 27 27 27 27 27 27 27 27 27 27 27 27 27 27 27 27 27 27 27 27 27 27 27 27 27 27 27 27 27 27 27 27 27 27 27 27 27 27 27 27 26 25 25 25 26 26 26 26 26 25 25 26 26 26 26 26 26 26 26 26 27 27 26 27 27 27 27 27 27 27 26 
27 27 27 27 27 27 27 27 27 27 27 27 27 27 27 27 27 27 27 27 27 27 27 27 27 27 27 27 27 27 27 27 27 27 27 27 27 27 27 27 27 27 27 27 27 27 27 27 27 27 27 27 27 27 27 27 27 27 27 27 27 27 27 27 27 27 27 27 27 27 27 27 27 27 27 27 27 27 27 27 27 27 27 27 27 27 27 27 27 27 27 27 27 27 27 27 27 26 26 25 26 26 26 26 26 26 25 26 26 26 26 26 26 26 26 26 27 27 27 27 27 27 27 27 27 27 27 27 
27 27 27 27 27 27 27 27 27 27 27 27 27 27 27 27 27 27 27 27 27 27 27 27 27 27 27 27 27 27 27 27 27 27 27 27 27 27 27 27 27 27 27 27 27 27 27 27 27 27 27 27 27 27 27 27 27 27 27 27 27 27 27 27 27 27 27 27 27 27 27 27 27 27 27 27 27 27 27 27 27 27 27 27 27 27 27 27 27 27 27 27 27 27 27 27 27 26 26 26 26 26 26 25 25 25 25 26 26 26 26 26 26 26 26 26 27 27 27 27 27 27 27 27 27 27 27 27 
27 27 27 27 27 27 27 27 27 27 27 27 27 27 27 27 27 27 27 27 27 27 27 27 27 27 27 27 27 27 27 27 27 27 27 27 27 27 27 27 27 27 27 27 27 27 27 27 27 27 27 27 27 27 27 27 27 27 27 27 27 27 27 27 27 27 27 27 27 27 27 27 27 27 27 27 27 27 27 27 27 27 27 27 27 27 27 27 27 27 27 27 27 27 27 27 27 26 26 26 26 26 25 25 25 25 25 26 26 26 26 26 26 26 26 26 26 27 27 27 27 27 27 27 27 27 27 27 
27 27 27 27 27 27 27 27 27 27 27 27 27 27 27 27 27 27 27 27 27 27 27 27 27 27 27 27 27 27 27 27 27 27 27 27 27 27 27 27 27 27 27 27 27 27 27 27 27 27 27 27 27 27 27 27 27 27 27 27 27 27 27 27 27 27 27 27 27 27 27 27 27 27 27 27 27 27 27 27 27 27 27 27 27 27 27 27 27 27 27 27 27 27 27 27 27 27 26 26 26 26 26 25 25 25 25 26 26 26 26 26 26 26 26 26 26 27 27 27 27 27 27 27 27 27 27 27 
27 27 27 27 27 27 27 27 27 27 27 27 27 27 27 27 27 27 27 27 27 27 27 27 27 27 27 27 27 27 27 27 27 27 27 27 27 27 27 27 27 27 27 27 27 27 27 27 27 27 27 27 27 27 27 27 27 27 27 27 27 27 27 27 27 27 27 27 27 27 27 27 27 27 27 27 27 27 27 27 27 27 27 27 27 27 27 27 27 27 27 27 27 27 27 27 27 27 27 27 26 26 26 26 25 25 25 26 26 26 26 26 26 26 26 26 27 27 27 27 27 27 27 27 27 27 27 27 
27 27 27 27 27 27 27 27 27 27 27 27 27 27 27 27 27 27 27 27 27 27 27 27 27 27 27 27 27 27 27 27 27 27 27 27 27 27 27 27 27 27 27 27 27 27 27 27 27 27 27 27 27 27 27 27 27 27 27 27 27 27 27 27 27 27 27 27 27 27 27 27 27 27 27 27 27 27 27 27 27 27 27 27 27 27 27 27 27 27 27 27 27 27 27 27 27 27 27 27 26 26 26 26 26 25 25 26 26 26 26 26 26 26 26 27 27 27 27 27 27 27 27 27 27 27 27 27 
27 27 27 27 27 27 27 27 27 27 27 27 27 27 27 27 27 27 27 27 27 27 27 27 27 27 27 27 27 27 27 27 27 27 27 27 27 27 27 27 27 27 27 27 27 27 27 27 27 27 27 27 27 27 27 27 27 27 27 27 27 27 27 27 27 27 27 27 27 27 27 27 27 27 27 27 27 27 27 27 27 27 27 27 27 27 27 27 27 27 27 27 27 27 27 27 27 27 27 27 26 25 25 25 25 25 26 26 27 27 27 27 27 27 27 27 27 27 27 27 27 27 27 27 27 27 27 27 
27 27 27 27 27 27 27 27 27 27 27 27 27 27 27 27 27 27 27 27 27 27 27 27 27 27 27 27 27 27 27 27 27 27 27 27 27 27 27 27 27 27 27 27 27 27 27 27 27 27 27 27 27 27 27 27 27 27 27 27 27 27 27 27 27 27 27 27 27 27 27 27 27 27 27 27 27 27 27 27 27 27 27 27 27 27 27 27 27 27 27 27 27 27 27 27 27 27 27 27 26 25 25 25 25 26 26 27 27 27 27 27 27 27 27 27 27 27 27 27 27 27 27 27 27 27 27 27 
27 27 27 27 27 27 27 27 27 27 27 27 27 27 27 27 27 27 27 27 27 27 27 27 27 27 27 27 27 27 27 27 27 27 27 27 27 27 27 27 27 27 27 27 27 27 27 27 27 27 27 27 27 27 27 27 27 27 27 27 27 27 27 27 27 27 27 27 27 27 27 27 27 27 27 27 27 27 27 27 27 27 27 27 27 27 27 27 27 27 27 27 27 27 27 27 27 27 27 27 26 26 26 25 26 26 26 27 27 27 27 27 27 27 27 27 27 27 27 27 27 27 27 27 27 27 27 27 
27 27 27 27 27 27 27 27 27 27 27 27 27 27 27 27 27 27 27 27 27 27 27 27 27 27 27 27 27 27 27 27 27 27 27 27 27 27 27 27 27 27 27 27 27 27 27 27 27 27 27 27 27 27 27 27 27 27 27 27 27 27 27 27 27 27 27 27 27 27 27 27 27 27 27 27 27 27 27 27 27 27 27 27 27 27 27 27 27 27 27 27 27 27 27 27 27 27 27 27 26 26 27 26 26 27 27 27 27 27 27 27 27 27 27 27 27 27 27 27 27 27 27 27 27 27 27 27 
27 27 27 27 27 27 27 27 27 27 27 27 27 27 27 27 27 27 27 27 27 27 27 27 27 27 27 27 27 27 27 27 27 27 27 27 27 27 27 27 27 27 27 27 27 27 27 27 27 27 27 27 27 27 27 27 27 27 27 27 27 27 27 27 27 27 27 27 27 27 27 27 27 27 27 27 27 26 26 26 26 26 26 26 27 27 27 27 27 27 27 27 27 27 27 27 27 27 27 27 26 26 27 27 26 27 27 27 27 27 27 27 27 27 27 27 27 27 27 27 27 27 27 27 27 27 27 27 
27 27 27 27 27 27 27 27 27 27 27 27 27 27 27 27 27 27 27 27 27 27 27 27 27 27 27 27 27 27 27 27 27 27 27 27 27 27 27 27 27 27 27 27 27 27 27 27 27 27 27 27 27 27 27 27 27 27 27 27 27 27 27 27 27 27 27 27 27 27 27 27 27 27 26 26 26 26 26 26 26 26 26 26 26 26 26 27 27 27 27 27 27 27 27 27 27 27 27 26 25 26 26 27 27 27 27 27 27 27 27 27 27 27 27 27 27 27 27 27 27 27 27 27 27 27 27 27 
27 27 27 27 27 27 27 27 27 27 27 27 27 27 27 27 27 27 27 27 27 27 27 27 27 27 27 27 27 27 27 27 27 27 27 27 27 27 27 27 27 27 27 27 27 27 27 27 27 27 27 27 27 27 27 27 27 27 27 27 27 27 27 27 27 27 27 27 27 27 27 27 27 27 26 26 26 26 26 26 26 26 26 26 26 26 26 26 26 27 27 27 27 27 27 27 27 27 26 25 25 25 26 27 27 27 27 27 27 27 27 27 27 27 27 27 27 27 27 27 27 27 27 27 27 27 27 27 
27 27 27 27 27 27 27 27 27 27 27 27 27 27 27 27 27 27 27 27 27 27 27 27 27 27 27 27 27 27 27 27 27 27 27 27 27 27 27 27 27 27 27 27 27 27 27 27 27 27 27 27 27 27 27 27 27 27 27 27 27 27 27 27 27 27 27 27 27 27 27 27 27 27 27 27 27 27 26 26 26 26 26 26 26 26 26 26 26 26 27 27 27 27 27 27 27 27 26 25 24 25 25 27 27 27 27 27 27 27 27 27 27 27 27 27 27 27 27 27 27 27 27 27 27 27 27 28 
27 27 27 27 27 27 27 27 27 27 27 27 27 27 27 27 27 27 27 27 27 27 27 27 27 27 27 27 27 27 27 27 27 27 27 27 27 27 27 27 27 27 27 27 27 27 27 27 27 27 27 27 27 27 27 27 27 27 27 27 27 27 27 27 27 27 27 27 27 27 27 27 27 27 27 27 27 27 27 27 27 27 26 26 26 26 26 26 26 26 26 27 27 27 27 27 26 26 26 26 25 25 25 26 27 27 27 27 27 27 27 27 27 27 27 27 27 27 27 27 27 27 27 27 27 27 27 28 
27 27 27 27 27 27 27 27 27 27 27 27 27 27 27 27 27 27 27 27 27 27 27 27 27 27 27 27 27 27 27 27 27 27 27 27 27 27 27 27 27 27 27 27 27 27 27 27 27 27 27 27 27 27 27 27 27 27 27 27 27 27 27 27 27 27 27 27 27 27 27 27 27 27 27 27 27 27 27 27 27 27 27 27 26 26 26 26 26 26 26 26 27 27 27 26 25 25 26 26 26 26 26 26 26 27 27 27 27 27 27 27 27 27 27 27 27 27 27 27 27 27 27 27 27 27 28 28 
27 27 27 27 27 27 27 27 27 27 27 27 27 27 27 27 27 27 27 27 27 27 27 27 27 27 27 27 27 27 27 27 27 27 27 27 27 27 27 27 27 27 27 27 27 27 27 27 27 27 27 27 27 27 27 27 27 27 27 27 27 27 27 27 27 27 27 27 27 27 27 27 27 27 27 27 27 27 27 27 27 27 27 27 27 27 26 26 26 26 26 26 26 26 26 25 25 25 25 27 26 26 26 27 27 27 27 27 27 27 27 27 27 27 27 27 27 27 27 27 27 27 27 27 27 27 28 28 
27 27 27 27 27 27 27 27 27 27 27 27 27 27 27 27 27 27 27 27 27 27 27 27 27 27 27 27 27 27 27 27 27 27 27 27 27 27 27 27 27 27 27 27 27 27 27 27 27 27 27 27 27 27 27 27 27 27 27 27 27 27 27 27 27 27 27 27 27 27 27 27 27 27 27 27 27 27 27 27 27 27 27 26 26 26 26 26 26 26 26 26 26 26 25 25 25 24 25 26 26 26 27 27 27 27 27 27 27 27 27 27 27 27 27 27 27 27 27 27 27 27 27 27 27 28 28 28 
27 27 27 27 27 27 27 27 27 27 27 27 27 27 27 27 27 27 27 27 27 27 27 27 27 27 27 27 27 27 27 27 27 27 27 27 27 27 27 27 27 27 27 27 27 27 27 27 27 27 27 27 27 27 27 27 27 27 27 27 27 27 27 27 27 27 27 27 27 27 27 27 27 27 27 27 27 27 27 27 27 26 26 26 26 26 26 26 26 26 26 26 26 25 25 25 24 24 26 27 27 27 27 27 27 27 27 27 27 27 27 27 27 27 27 27 27 27 27 27 27 27 27 27 27 27 28 28 
27 27 27 27 27 27 27 27 27 27 27 27 27 27 27 27 27 27 27 27 27 27 27 27 27 27 27 27 27 27 27 27 27 27 27 27 27 27 27 27 27 27 27 27 27 27 27 27 27 27 27 27 27 27 27 27 27 27 27 27 27 27 27 27 27 27 27 27 27 27 27 27 27 27 27 27 27 27 26 26 26 26 26 26 26 25 26 26 26 26 26 26 26 25 25 25 25 25 26 27 27 27 27 27 27 27 27 27 27 27 27 27 27 27 27 27 27 27 27 27 27 27 27 27 27 27 28 28 
27 27 27 27 27 27 27 27 27 27 27 27 27 27 27 27 27 27 27 27 27 27 27 27 27 27 27 27 27 27 27 27 27 27 27 27 27 27 27 27 27 27 27 27 27 27 27 27 27 27 27 27 27 27 27 27 27 27 27 27 27 27 27 27 27 27 27 27 27 27 27 27 27 27 27 27 27 26 26 26 26 26 25 25 25 25 25 25 26 26 26 26 26 26 25 25 26 26 26 27 27 27 27 27 27 27 27 27 27 27 27 27 27 27 27 27 27 27 27 27 27 27 27 27 27 27 28 28 
27 27 27 27 27 27 27 27 27 27 27 27 27 27 27 27 27 27 27 27 27 27 27 27 27 27 27 27 27 27 27 27 27 27 27 27 27 27 27 27 27 27 27 27 27 27 27 27 27 27 27 27 27 27 27 27 27 27 27 27 27 27 27 27 27 27 27 27 27 27 27 27 27 27 27 27 26 26 26 26 25 25 25 25 25 25 25 25 26 25 26 26 26 26 26 26 26 26 27 27 27 27 27 27 27 27 27 27 27 27 27 27 27 27 27 27 27 27 27 27 27 27 27 27 27 27 28 28 
27 27 27 27 27 27 27 27 27 27 27 27 27 27 27 27 27 27 27 27 27 27 27 27 27 27 27 27 27 27 27 27 27 27 27 27 27 27 27 27 27 27 27 27 27 27 27 27 27 27 27 27 27 27 27 27 27 27 27 27 27 27 27 27 27 27 27 27 27 27 27 27 27 27 27 26 26 26 26 25 25 25 25 25 25 25 26 26 26 25 25 25 26 27 26 26 27 27 27 27 27 27 27 27 27 27 27 27 27 27 27 27 27 27 27 27 27 27 27 27 27 27 27 27 27 27 28 28 
27 27 27 27 27 27 27 27 27 27 27 27 27 27 27 27 27 27 27 27 27 27 27 27 27 27 27 27 27 27 27 27 27 27 27 27 27 27 27 27 27 27 27 27 27 27 27 27 27 27 27 27 27 27 27 27 27 27 27 27 27 27 27 27 27 27 27 27 27 27 27 26 27 27 27 26 26 26 25 25 25 25 25 25 25 25 26 26 26 25 25 25 26 27 27 27 27 27 27 27 27 27 27 27 27 27 27 27 27 27 27 27 27 27 27 27 27 27 27 27 27 27 27 27 27 27 28 28 
27 27 27 27 27 27 27 27 27 27 27 27 27 27 27 27 27 27 27 27 27 27 27 27 27 27 27 27 27 27 27 26 26 26 26 27 27 27 27 27 27 27 27 27 27 27 27 27 27 27 27 27 27 27 27 27 27 27 27 27 27 27 27 27 27 27 27 27 27 27 27 27 27 27 26 26 26 25 25 25 25 25 25 25 25 25 25 26 26 25 24 25 26 26 27 27 27 26 27 27 27 27 27 27 27 27 27 27 27 27 27 27 27 27 27 27 27 27 27 27 27 27 27 27 27 27 28 28 
27 27 27 27 27 27 27 27 27 27 27 27 27 27 27 27 27 27 27 27 27 27 27 27 27 27 27 27 26 26 26 26 26 26 26 26 26 26 27 27 27 27 27 27 27 27 27 27 27 27 27 27 27 27 27 27 27 27 27 27 27 27 27 27 27 27 27 27 27 27 27 26 27 27 26 26 26 25 25 25 25 25 25 25 25 25 25 26 25 25 25 25 26 26 27 27 27 27 27 27 27 27 27 27 27 27 27 27 27 27 27 27 27 27 27 27 27 27 27 27 27 27 27 27 27 27 28 28 
27 27 27 27 27 27 27 27 27 27 27 27 27 27 27 27 27 27 27 27 27 27 27 27 27 27 27 26 26 26 26 26 26 26 26 26 26 26 26 26 26 26 26 26 26 26 27 27 27 27 27 27 27 27 27 27 27 27 27 27 27 27 27 27 27 27 27 27 27 27 27 27 27 27 26 26 26 25 25 25 25 25 25 24 25 25 26 26 26 25 25 26 26 26 27 27 27 26 27 27 27 27 27 27 27 27 27 27 27 27 27 27 27 27 27 27 27 27 27 27 27 27 27 27 27 27 28 27 
27 27 27 27 27 27 27 27 27 27 27 27 27 27 27 27 27 27 27 27 27 27 27 27 27 27 26 26 26 26 26 26 26 26 26 26 26 26 26 26 26 26 26 26 26 26 26 26 27 27 27 27 27 27 27 27 27 27 27 27 27 27 27 27 27 27 27 27 27 27 27 26 27 26 26 26 26 25 25 25 25 25 24 24 25 25 25 26 26 26 26 26 26 26 27 27 27 26 26 27 27 27 27 27 27 27 27 27 27 27 27 27 27 27 27 27 27 27 27 27 27 27 27 27 27 27 27 27 
27 27 27 27 27 27 27 27 27 27 27 27 27 27 27 27 27 27 27 27 27 27 27 27 27 26 26 26 26 26 25 25 26 26 26 26 26 26 26 26 26 26 26 26 26 26 26 26 26 26 27 27 27 27 27 27 27 27 27 27 27 27 27 27 27 27 27 27 27 27 27 27 26 26 26 26 26 25 25 25 25 24 24 24 24 25 25 26 26 26 26 26 26 26 27 27 27 27 26 26 27 27 27 27 27 27 27 27 27 27 27 27 27 27 27 27 27 27 27 27 27 27 27 27 27 27 27 27 
27 27 27 27 27 27 27 27 27 27 27 27 27 27 27 27 27 27 27 27 27 27 27 27 26 26 26 26 26 25 25 26 26 26 26 26 26 26 26 26 26 26 26 26 26 26 26 26 26 26 26 27 27 27 27 27 27 27 27 27 27 27 27 27 27 27 27 27 27 27 27 27 27 27 26 26 26 25 25 25 24 24 24 24 24 25 25 26 26 26 26 26 26 26 27 27 27 27 26 26 27 27 27 27 27 26 27 27 27 27 27 27 27 27 27 27 27 27 27 27 27 27 27 27 27 27 27 27 
27 27 27 27 27 27 27 27 27 27 27 27 27 27 27 27 27 27 27 27 27 27 26 26 26 26 26 26 26 25 26 26 26 26 26 26 26 26 26 26 26 26 26 25 25 26 26 26 26 26 26 26 27 27 27 27 27 27 27 27 27 27 27 27 27 27 27 27 27 27 27 27 27 27 26 26 26 26 25 25 25 24 24 24 24 25 25 26 26 26 26 26 26 26 27 27 27 27 26 26 27 27 27 27 27 27 26 26 27 27 27 27 27 27 27 27 27 27 27 27 27 27 27 27 27 27 26 26 
27 27 27 27 27 27 27 27 27 27 27 27 27 27 27 27 27 27 27 27 27 26 26 26 26 26 26 26 26 25 25 26 26 26 26 26 26 26 26 26 26 26 25 25 25 25 25 26 26 26 26 26 26 26 27 27 27 27 27 27 27 27 27 27 27 27 27 27 27 27 27 27 27 27 26 26 26 26 25 25 25 24 23 24 24 25 26 26 26 26 26 26 26 27 27 27 27 27 26 26 26 26 26 27 27 27 27 26 27 27 27 27 27 27 27 27 27 27 27 27 27 27 27 27 27 27 26 26 
27 27 27 27 27 27 27 27 27 27 27 27 27 27 27 27 27 27 27 27 26 26 26 26 26 26 26 26 26 25 25 25 25 26 26 26 26 26 26 26 26 26 25 25 25 25 25 25 26 26 26 26 26 26 26 27 27 27 27 27 27 27 27 27 27 27 27 27 27 27 27 27 27 27 27 26 26 26 26 25 25 24 24 24 25 25 26 26 26 26 26 26 26 27 27 27 27 27 26 26 26 26 26 26 27 27 27 27 27 27 27 27 27 27 27 27 27 27 27 27 27 27 27 27 26 26 26 26 
27 27 27 27 27 27 27 27 27 27 27 27 27 27 27 27 27 27 27 26 26 26 26 26 26 26 26 26 25 25 25 25 25 25 25 26 26 26 26 26 26 26 26 25 25 25 25 25 25 26 26 26 26 26 26 26 27 27 27 27 27 27 27 27 27 27 27 27 27 27 27 27 27 27 27 26 26 26 26 26 25 25 25 25 25 26 26 26 26 26 26 26 27 27 27 27 27 27 27 27 27 27 26 26 26 27 27 27 27 27 27 27 27 27 27 27 27 27 27 27 27 27 27 27 26 26 26 26 
27 27 27 27 27 27 27 27 27 27 27 27 27 27 27 27 27 27 27 26 26 26 26 26 26 26 26 26 25 25 25 25 25 25 25 25 26 26 26 26 26 26 26 25 25 25 25 25 25 25 26 26 26 26 26 26 27 27 27 27 27 27 27 27 27 27 27 27 27 27 27 27 27 27 27 27 26 26 26 26 26 26 26 26 26 26 26 26 26 26 26 27 27 27 27 27 27 27 27 27 27 27 27 26 26 26 26 26 27 27 27 27 27 27 27 27 27 27 27 27 27 27 27 26 26 26 26 26 
27 27 27 27 27 27 27 27 27 27 27 27 27 27 27 27 27 27 27 26 26 26 26 26 26 26 26 26 25 25 25 25 25 25 25 25 25 25 26 26 26 26 26 25 25 25 25 25 25 25 26 26 26 26 26 26 27 27 27 27 27 27 27 27 27 27 27 27 27 27 27 27 27 27 27 27 27 26 26 26 26 26 26 26 26 26 26 26 26 26 27 27 27 27 27 27 27 27 27 26 26 27 27 27 26 26 27 27 26 27 27 27 27 27 27 27 27 27 27 27 27 27 26 26 26 26 26 26 
27 27 27 27 27 27 27 27 27 27 27 27 27 27 27 27 27 27 27 26 26 26 26 26 26 26 26 26 25 25 25 25 25 25 25 25 25 25 26 26 26 26 26 25 25 25 25 25 25 25 25 26 26 26 26 26 27 27 27 27 27 27 27 27 27 27 27 27 27 27 27 27 27 27 27 27 27 27 26 26 26 26 26 26 26 26 26 26 27 27 27 27 27 27 27 27 27 27 26 26 25 26 27 27 27 27 27 27 27 27 27 27 27 27 27 27 27 27 27 27 27 27 26 26 26 26 26 26 
27 27 27 27 27 27 27 27 27 27 27 27 27 27 27 27 27 27 27 26 26 26 26 26 26 26 26 26 25 25 25 25 25 25 25 25 25 25 25 26 26 26 26 25 25 25 25 25 25 25 25 25 25 26 26 26 27 27 27 27 27 27 27 27 27 27 27 27 27 27 27 27 27 27 27 27 27 27 27 26 26 26 26 26 27 27 27 27 27 27 27 27 27 27 27 27 27 27 26 25 25 25 26 26 26 26 26 26 26 26 27 27 27 27 27 27 27 26 26 26 26 26 26 26 26 26 26 26 
27 27 27 27 27 27 27 27 27 27 27 27 27 27 27 27 27 27 27 26 26 26 26 26 26 26 26 26 26 26 25 25 25 25 25 25 25 25 25 26 26 26 26 25 25 25 25 25 25 25 25 25 25 26 26 26 26 27 27 27 27 27 27 27 27 27 27 27 27 27 27 27 27 27 27 27 27 27 27 27 27 27 27 27 27 27 27 27 27 27 27 27 27 27 27 27 27 27 26 25 25 25 25 25 24 24 25 25 25 25 26 26 26 26 26 26 26 26 26 26 26 26 26 26 26 26 26 26 
27 27 27 27 27 27 27 27 27 27 27 27 27 27 27 27 27 27 27 26 26 26 26 26 26 26 26 26 26 26 26 25 25 25 25 25 25 25 25 26 26 26 25 25 25 25 25 25 25 25 25 25 25 25 26 26 26 26 27 27 27 27 27 27 27 27 27 27 27 27 27 27 27 27 27 27 27 27 27 27 27 27 27 27 27 27 27 27 27 27 27 27 27 27 27 27 27 27 26 25 25 24 24 24 24 24 24 24 24 25 25 25 26 26 26 26 26 26 26 26 26 26 26 26 26 26 26 26 
27 27 27 27 27 27 27 27 27 27 27 27 27 27 27 27 27 27 27 26 26 26 25 26 26 26 26 26 26 26 26 26 25 25 25 25 25 25 25 26 26 25 25 25 25 25 25 25 25 25 25 25 25 26 26 26 26 26 26 27 27 27 27 26 26 26 27 27 27 26 26 27 27 27 27 27 27 27 27 27 27 27 27 27 27 27 27 27 27 27 27 27 27 27 27 27 27 27 26 26 25 25 25 24 24 23 24 24 24 25 25 25 26 26 26 26 26 26 26 26 26 26 26 26 26 26 26 26 
27 27 27 27 27 27 27 27 27 27 27 27 27 27 27 27 27 27 27 26 26 26 25 25 26 26 26 26 26 26 26 26 25 25 25 25 25 25 25 26 26 25 25 25 26 26 25 25 25 25 25 25 26 26 26 26 26 26 26 27 27 27 27 27 26 26 27 27 27 26 26 27 27 27 27 27 27 27 27 27 27 27 27 27 27 27 27 27 27 27 27 27 27 27 27 27 27 27 27 27 26 27 26 25 24 23 24 24 24 25 25 25 26 26 26 26 25 26 26 26 26 26 26 26 26 26 26 26 
27 27 27 27 27 27 27 27 27 27 27 27 27 27 27 27 27 27 27 26 26 25 25 25 25 26 26 26 26 26 26 25 25 25 25 25 25 25 25 26 26 25 25 25 26 26 25 25 25 25 25 26 25 25 25 26 25 25 26 27 27 27 27 27 26 27 27 27 27 26 26 27 27 27 27 27 27 27 27 27 27 27 27 27 27 27 27 27 27 26 27 27 27 27 27 27 27 27 27 27 27 27 27 26 25 24 24 24 24 25 25 25 25 26 26 25 26 26 26 26 26 26 26 26 26 26 26 26 
27 27 27 27 27 27 27 27 27 27 27 27 27 27 27 27 27 27 27 26 26 25 25 25 25 25 25 25 25 25 25 25 25 25 25 24 25 25 25 26 26 25 25 25 26 26 26 25 25 25 25 25 25 25 25 25 25 25 26 26 27 27 27 27 27 27 27 27 26 25 25 26 27 27 27 27 27 27 27 27 27 27 27 26 27 27 26 26 26 27 27 27 27 27 27 27 27 27 27 27 27 27 27 26 26 25 24 24 24 25 25 25 25 26 26 26 26 26 26 26 26 25 26 26 26 26 26 26 
27 27 27 27 27 27 27 27 27 27 27 27 27 27 27 27 27 27 27 26 26 25 25 25 25 25 25 25 25 25 25 25 25 25 24 24 24 25 26 26 26 25 24 25 26 26 26 25 25 25 25 25 25 25 25 25 25 25 26 26 27 27 27 27 27 27 26 26 26 25 25 26 27 27 26 27 27 27 27 27 27 27 27 27 27 27 27 27 27 27 27 27 27 27 27 27 27 27 27 27 27 27 27 27 26 26 25 24 25 25 25 25 25 26 26 26 26 26 26 26 26 26 26 26 26 26 26 26 
27 27 27 27 27 27 27 27 27 27 27 27 27 27 27 27 27 27 27 27 26 25 25 25 25 25 25 25 25 25 25 25 25 25 24 24 24 25 26 26 26 25 24 25 25 25 25 25 25 25 25 25 24 24 24 24 25 25 26 27 27 27 27 27 27 26 25 25 25 25 26 27 26 26 26 27 27 27 27 27 27 27 27 27 27 27 27 27 27 27 27 27 27 27 27 27 27 27 27 27 27 27 27 26 26 26 26 26 25 25 25 25 25 26 26 26 26 26 26 26 26 26 26 26 26 26 26 26 
27 27 27 27 27 27 27 27 27 27 27 27 27 27 27 27 27 27 27 27 26 26 25 25 25 25 25 24 24 24 25 25 26 25 25 24 24 24 25 26 26 25 24 24 25 25 25 25 25 25 25 24 24 24 24 24 25 26 26 27 27 26 27 26 26 26 25 25 25 25 25 26 26 25 26 27 27 27 27 27 27 27 27 27 27 27 27 27 27 27 27 27 27 27 27 27 27 27 27 27 27 27 26 26 26 26 26 26 26 26 26 26 26 26 26 26 26 26 25 26 26 26 26 26 26 26 26 26 
27 27 27 27 27 27 27 27 27 27 27 27 27 27 27 27 27 27 27 27 26 26 25 25 25 25 25 24 24 24 25 25 25 26 25 24 25 25 26 26 26 25 25 24 24 24 24 25 25 25 25 24 24 24 24 24 25 26 27 27 27 27 27 27 26 25 26 26 26 25 25 25 26 25 26 26 26 26 27 27 27 27 27 27 27 27 27 27 27 27 27 27 27 27 27 27 27 27 27 27 26 26 26 26 26 26 26 26 26 26 26 26 26 26 26 26 26 25 26 25 25 25 25 26 26 26 26 26 
27 27 27 27 27 27 27 27 27 27 27 27 27 27 27 27 27 27 27 27 26 26 25 25 25 25 25 25 25 25 24 25 25 25 26 26 26 25 26 26 26 26 25 24 24 24 24 25 25 24 24 24 24 24 25 25 26 27 27 27 27 27 27 26 25 26 27 26 26 25 25 26 25 26 26 26 26 26 26 26 27 27 27 27 27 27 27 27 27 27 27 27 27 27 27 27 27 27 27 26 26 26 26 26 26 26 26 26 26 26 26 26 26 26 26 26 26 26 26 25 25 25 25 25 25 25 26 26 
27 27 27 27 27 27 27 27 27 27 27 27 27 27 27 27 27 27 27 27 27 26 26 25 25 25 25 25 25 25 25 24 25 25 25 26 26 26 26 26 26 26 26 25 25 25 25 25 24 24 24 24 24 24 25 26 27 27 26 26 27 27 27 26 26 27 27 27 26 26 26 26 25 25 25 26 26 26 26 26 27 27 27 27 27 27 27 27 27 27 27 27 27 27 27 27 27 26 26 26 26 26 26 26 26 26 26 26 26 26 26 26 26 26 26 26 26 26 26 26 26 26 26 25 25 25 25 25 
27 27 27 27 27 27 27 27 27 27 27 27 27 27 27 27 27 27 27 27 27 26 26 25 25 25 25 25 25 25 25 24 24 25 25 26 26 26 26 26 26 26 26 26 26 26 25 25 24 24 24 24 25 25 26 27 27 27 26 26 27 27 27 27 27 27 27 27 26 27 26 26 25 25 25 26 26 26 26 26 27 27 27 27 27 27 27 27 27 27 27 27 27 27 27 27 26 26 26 26 26 26 26 26 26 26 26 26 26 26 26 26 26 26 26 26 26 26 26 26 26 26 26 25 25 25 25 25 
27 27 27 27 27 27 27 27 27 27 27 27 27 27 27 27 27 27 27 27 27 27 26 26 25 25 25 25 25 25 25 24 24 24 25 25 26 26 26 26 26 26 26 26 25 25 25 24 24 24 24 25 26 26 27 27 27 27 26 27 27 27 27 27 27 27 27 27 27 27 27 26 26 26 26 27 27 26 26 27 26 26 27 27 27 27 27 27 27 27 27 27 27 27 27 26 26 26 26 26 26 26 26 26 26 26 26 26 26 26 26 26 26 26 26 26 26 26 26 26 26 26 26 25 25 25 25 25 
27 27 27 27 27 27 27 27 27 27 27 27 27 27 27 27 27 27 27 27 27 27 26 26 26 25 25 25 25 25 25 25 24 24 25 25 26 26 26 26 26 26 25 24 25 25 25 24 25 25 26 26 27 27 27 27 27 27 27 27 27 27 27 27 27 27 27 27 27 27 27 27 27 27 27 27 27 26 27 27 27 27 27 27 27 27 27 27 27 27 27 27 27 27 26 26 26 26 26 26 26 26 26 26 26 26 26 26 26 26 26 26 26 26 26 26 26 26 26 26 26 26 26 25 25 25 25 25 
27 27 27 27 27 27 27 27 27 27 27 27 27 27 27 27 27 27 27 27 27 27 27 26 26 26 25 25 25 25 25 25 24 24 25 25 25 25 26 26 26 25 24 24 25 25 24 25 25 26 27 27 27 27 27 27 27 27 27 27 27 27 27 27 27 27 27 27 27 27 27 27 27 27 27 27 27 27 27 27 27 27 27 27 27 27 27 27 27 27 27 27 27 27 26 26 26 26 26 26 26 26 26 26 26 26 26 26 26 26 26 26 26 26 26 26 26 26 26 26 26 26 26 25 25 25 25 25 
27 27 27 27 27 27 27 27 27 27 27 27 27 27 27 27 27 27 27 27 27 27 27 27 26 26 26 25 25 25 25 25 24 24 24 25 25 25 25 25 25 25 24 25 25 25 25 26 26 27 27 27 27 27 27 27 27 27 27 27 27 27 27 27 27 27 27 27 27 27 27 27 27 27 27 27 27 27 27 27 27 27 27 27 27 27 27 27 27 27 27 27 27 27 26 26 26 26 26 26 26 26 26 26 26 26 26 26 26 26 26 26 26 26 26 26 26 26 26 26 26 26 26 25 25 25 25 25 
27 27 27 27 27 27 27 27 27 27 27 27 27 27 27 27 27 27 27 27 27 27 27 27 27 26 26 26 25 25 25 25 25 24 24 24 25 25 25 25 25 25 25 25 25 26 26 27 27 27 27 27 27 27 27 27 27 27 27 27 27 27 27 27 27 27 27 27 27 27 27 27 27 27 27 27 27 27 27 27 27 27 27 27 27 27 27 27 27 27 27 27 27 27 26 26 26 26 26 26 26 26 26 26 26 26 26 26 26 26 26 26 26 26 26 26 26 26 26 26 26 26 26 26 25 25 25 25 
